Sequentiell -> Aufruf 1 1 100 1 2 1000

Berechnungszeit:    5.198104 s
Speicherbedarf:     4.993294 MiB
Berechnungsmethode: Gauss-Seidel
Interlines:         100
Stoerfunktion:      f(x,y) = 0
Terminierung:       Anzahl der Iterationen
Anzahl Iterationen: 1000
Norm des Fehlers:   3.454054e-04

Matrix:
 1.0000 0.8750 0.7500 0.6250 0.5000 0.3750 0.2500 0.1250 0.0000
 0.8750 0.0032 0.0014 0.0011 0.0009 0.0007 0.0005 0.0004 0.1250
 0.7500 0.0014 0.0000 0.0000 0.0000 0.0000 0.0000 0.0003 0.2500
 0.6250 0.0011 0.0000 0.0000 0.0000 0.0000 0.0000 0.0004 0.3750
 0.5000 0.0009 0.0000 0.0000 0.0000 0.0000 0.0000 0.0005 0.5000
 0.3750 0.0007 0.0000 0.0000 0.0000 0.0000 0.0000 0.0007 0.6250
 0.2500 0.0005 0.0000 0.0000 0.0000 0.0000 0.0000 0.0008 0.7500
 0.1250 0.0004 0.0003 0.0004 0.0005 0.0007 0.0008 0.0018 0.8750
 0.0000 0.1250 0.2500 0.3750 0.5000 0.6250 0.7500 0.8750 1.0000



Parallel -> Aufruf 1 1 100 1 2 1000
mit 4 Kernen

Berechnungszeit:    2.360778 s
Speicherbedarf:     1.262238 MiB
Berechnungsmethode: Gauss-Seidel
Interlines:         100
Stoerfunktion:      f(x,y) = 0
Terminierung:       Anzahl der Iterationen
Anzahl Iterationen: 1000
Norm des Fehlers:   3.454054e-04

test
 1.0000 0.8750 0.7500 0.6250 0.5000 0.3750 0.2500 0.1250 0.0000
 0.8750 0.0032 0.0014 0.0011 0.0009 0.0007 0.0005 0.0004 0.1250
 0.7500 0.0014 0.0000 0.0000 0.0000 0.0000 0.0000 0.0003 0.2500
 0.6250 0.0011 0.0000 0.0000 0.0000 0.0000 0.0000 0.0004 0.3750
 0.5000 0.0009 0.0000 0.0000 0.0000 0.0000 0.0000 0.0005 0.5000
 0.3750 0.0007 0.0000 0.0000 0.0000 0.0000 0.0000 0.0007 0.6250
 0.2500 0.0005 0.0000 0.0000 0.0000 0.0000 0.0000 0.0008 0.7500
 0.1250 0.0004 0.0003 0.0004 0.0005 0.0007 0.0008 0.0018 0.8750
 0.0000 0.1250 0.2500 0.3750 0.5000 0.6250 0.7500 0.8750 1.0000

Seriell -> Aufruf 1 1 100 1 2 10000


Berechnungszeit:    51.609214 s
Speicherbedarf:     4.993294 MiB
Berechnungsmethode: Gauss-Seidel
Interlines:         100
Stoerfunktion:      f(x,y) = 0
Terminierung:       Anzahl der Iterationen
Anzahl Iterationen: 10000
Norm des Fehlers:   2.919216e-05

Matrix:
 1.0000 0.8750 0.7500 0.6250 0.5000 0.3750 0.2500 0.1250 0.0000
 0.8750 0.4501 0.2601 0.1977 0.1570 0.1181 0.0838 0.0781 0.1250
 0.7500 0.2601 0.0647 0.0297 0.0223 0.0173 0.0217 0.0833 0.2500
 0.6250 0.1977 0.0297 0.0033 0.0014 0.0018 0.0165 0.1169 0.3750
 0.5000 0.1570 0.0223 0.0014 0.0001 0.0012 0.0212 0.1555 0.5000
 0.3750 0.1181 0.0173 0.0018 0.0012 0.0028 0.0280 0.1957 0.6250
 0.2500 0.0838 0.0217 0.0165 0.0212 0.0280 0.0617 0.2574 0.7500
 0.1250 0.0781 0.0833 0.1169 0.1555 0.1957 0.2574 0.4484 0.8750
 0.0000 0.1250 0.2500 0.3750 0.5000 0.6250 0.7500 0.8750 1.0000



Parallel -> Aufruf 1 1 100 1 2 10000
Mit 4 Kernen

Berechnungszeit:    22.963415 s
Speicherbedarf:     1.262238 MiB
Berechnungsmethode: Gauss-Seidel
Interlines:         100
Stoerfunktion:      f(x,y) = 0
Terminierung:       Anzahl der Iterationen
Anzahl Iterationen: 10000
Norm des Fehlers:   2.919216e-05

test
 1.0000 0.8750 0.7500 0.6250 0.5000 0.3750 0.2500 0.1250 0.0000
 0.8750 0.4501 0.2601 0.1977 0.1570 0.1181 0.0838 0.0781 0.1250
 0.7500 0.2601 0.0647 0.0297 0.0223 0.0173 0.0217 0.0833 0.2500
 0.6250 0.1977 0.0297 0.0033 0.0014 0.0018 0.0165 0.1169 0.3750
 0.5000 0.1570 0.0223 0.0014 0.0001 0.0012 0.0212 0.1555 0.5000
 0.3750 0.1181 0.0173 0.0018 0.0012 0.0028 0.0280 0.1957 0.6250
 0.2500 0.0838 0.0217 0.0165 0.0212 0.0280 0.0617 0.2574 0.7500
 0.1250 0.0781 0.0833 0.1169 0.1555 0.1957 0.2574 0.4484 0.8750
 0.0000 0.1250 0.2500 0.3750 0.5000 0.6250 0.7500 0.8750 1.0000

Parallel -> Aufruf 1 1 100 1 2 10000
mit 8 Kernen


Berechnungszeit:    11.666571 s
Speicherbedarf:     0.637306 MiB
Berechnungsmethode: Gauss-Seidel
Interlines:         100
Stoerfunktion:      f(x,y) = 0
Terminierung:       Anzahl der Iterationen
Anzahl Iterationen: 10000
Norm des Fehlers:   2.919216e-05

test
 1.0000 0.8750 0.7500 0.6250 0.5000 0.3750 0.2500 0.1250 0.0000
 0.8750 0.4501 0.2601 0.1977 0.1570 0.1181 0.0838 0.0781 0.1250
 0.7500 0.2601 0.0647 0.0297 0.0223 0.0173 0.0217 0.0833 0.2500
 0.6250 0.1977 0.0297 0.0033 0.0014 0.0018 0.0165 0.1169 0.3750
 0.5000 0.1570 0.0223 0.0014 0.0001 0.0012 0.0212 0.1555 0.5000
 0.3750 0.1181 0.0173 0.0018 0.0012 0.0028 0.0280 0.1957 0.6250
 0.2500 0.0838 0.0217 0.0165 0.0212 0.0280 0.0617 0.2574 0.7500
 0.1250 0.0781 0.0833 0.1169 0.1555 0.1957 0.2574 0.4484 0.8750
 0.0000 0.1250 0.2500 0.3750 0.5000 0.6250 0.7500 0.8750 1.0000


Sequentieller Aufruf 1 1 50 1 1 8.8e-05

Berechnungszeit:    4.264518 s
Speicherbedarf:     1.276253 MiB
Berechnungsmethode: Gauss-Seidel
Interlines:         50
Stoerfunktion:      f(x,y) = 0
Terminierung:       Hinreichende Genaugkeit
Anzahl Iterationen: 3235
Norm des Fehlers:   8.799470e-05

Matrix:
 1.0000 0.8750 0.7500 0.6250 0.5000 0.3750 0.2500 0.1250 0.0000
 0.8750 0.5114 0.3164 0.2365 0.1864 0.1405 0.1019 0.0925 0.1250
 0.7500 0.3164 0.1071 0.0524 0.0381 0.0300 0.0365 0.1013 0.2500
 0.6250 0.2365 0.0524 0.0098 0.0043 0.0054 0.0283 0.1387 0.3750
 0.5000 0.1864 0.0381 0.0043 0.0007 0.0035 0.0355 0.1839 0.5000
 0.3750 0.1405 0.0300 0.0054 0.0035 0.0080 0.0484 0.2331 0.6250
 0.2500 0.1019 0.0365 0.0283 0.0355 0.0484 0.1010 0.3121 0.7500
 0.1250 0.0925 0.1013 0.1387 0.1839 0.2331 0.3121 0.5095 0.8750
 0.0000 0.1250 0.2500 0.3750 0.5000 0.6250 0.7500 0.8750 1.0000



Parallel Aufruf 1 1 50 1 1 8.8e-05
8 Kerne

Berechnungszeit:    1.433367 s
Speicherbedarf:     0.166191 MiB
Berechnungsmethode: Gauss-Seidel
Interlines:         50
Stoerfunktion:      f(x,y) = 0
Terminierung:       Hinreichende Genaugkeit
Anzahl Iterationen: 3245
Norm des Fehlers:   8.796334e-05

test
 1.0000 0.8750 0.7500 0.6250 0.5000 0.3750 0.2500 0.1250 0.0000
 0.8750 0.5122 0.3171 0.2370 0.1868 0.1408 0.1021 0.0926 0.1250
 0.7500 0.3170 0.1076 0.0527 0.0383 0.0301 0.0367 0.1015 0.2500
 0.6250 0.2368 0.0527 0.0099 0.0044 0.0054 0.0285 0.1390 0.3750
 0.5000 0.1866 0.0382 0.0044 0.0007 0.0036 0.0356 0.1842 0.5000
 0.3750 0.1406 0.0301 0.0054 0.0036 0.0081 0.0486 0.2334 0.6250
 0.2500 0.1020 0.0366 0.0284 0.0356 0.0486 0.1013 0.3125 0.7500
 0.1250 0.0925 0.1013 0.1388 0.1840 0.2332 0.3123 0.5097 0.8750
 0.0000 0.1250 0.2500 0.3750 0.5000 0.6250 0.7500 0.8750 1.0000


Parallel Aufruf 1 1 50 1 1 8.8e-05
4 Kerne

Berechnungszeit:    2.733052 s
Speicherbedarf:     0.326111 MiB
Berechnungsmethode: Gauss-Seidel
Interlines:         50
Stoerfunktion:      f(x,y) = 0
Terminierung:       Hinreichende Genaugkeit
Anzahl Iterationen: 3241
Norm des Fehlers:   8.796334e-05

test
 1.0000 0.8750 0.7500 0.6250 0.5000 0.3750 0.2500 0.1250 0.0000
 0.8750 0.5119 0.3168 0.2368 0.1866 0.1407 0.1021 0.0926 0.1250
 0.7500 0.3168 0.1074 0.0526 0.0382 0.0301 0.0366 0.1014 0.2500
 0.6250 0.2367 0.0526 0.0099 0.0043 0.0054 0.0284 0.1389 0.3750
 0.5000 0.1865 0.0382 0.0043 0.0007 0.0036 0.0355 0.1841 0.5000
 0.3750 0.1406 0.0300 0.0054 0.0036 0.0080 0.0485 0.2333 0.6250
 0.2500 0.1020 0.0365 0.0284 0.0355 0.0485 0.1012 0.3123 0.7500
 0.1250 0.0925 0.1013 0.1388 0.1840 0.2332 0.3122 0.5096 0.8750
 0.0000 0.1250 0.2500 0.3750 0.5000 0.6250 0.7500 0.8750 1.0000

Sequentieller Aufruf 1 1 50 1 1 8.8e-09

Berechnungszeit:    190.822529 s
Speicherbedarf:     1.276253 MiB
Berechnungsmethode: Gauss-Seidel
Interlines:         50
Stoerfunktion:      f(x,y) = 0
Terminierung:       Hinreichende Genaugkeit
Anzahl Iterationen: 145142
Norm des Fehlers:   8.799826e-09

Matrix:
 1.0000 0.8750 0.7500 0.6250 0.5000 0.3750 0.2500 0.1250 0.0000
 0.8750 0.7812 0.6875 0.5937 0.4999 0.4062 0.3125 0.2187 0.1250
 0.7500 0.6875 0.6249 0.5624 0.4999 0.4374 0.3749 0.3125 0.2500
 0.6250 0.5937 0.5624 0.5311 0.4999 0.4686 0.4374 0.4062 0.3750
 0.5000 0.4999 0.4999 0.4999 0.4999 0.4999 0.4999 0.4999 0.5000
 0.3750 0.4062 0.4374 0.4686 0.4999 0.5311 0.5624 0.5937 0.6250
 0.2500 0.3125 0.3749 0.4374 0.4999 0.5624 0.6249 0.6875 0.7500
 0.1250 0.2187 0.3125 0.4062 0.4999 0.5937 0.6875 0.7812 0.8750
 0.0000 0.1250 0.2500 0.3750 0.5000 0.6250 0.7500 0.8750 1.0000


Paralleler Aufruf 1 1 50 1 1 8.8e-09

Berechnungszeit:    126.070072 s
Speicherbedarf:     0.326111 MiB
Berechnungsmethode: Gauss-Seidel
Interlines:         50
Stoerfunktion:      f(x,y) = 0
Terminierung:       Hinreichende Genaugkeit
Anzahl Iterationen: 145147
Norm des Fehlers:   8.799305e-09

test
 1.0000 0.8750 0.7500 0.6250 0.5000 0.3750 0.2500 0.1250 0.0000
 0.8750 0.7812 0.6875 0.5937 0.4999 0.4062 0.3125 0.2187 0.1250
 0.7500 0.6875 0.6249 0.5624 0.4999 0.4374 0.3749 0.3125 0.2500
 0.6250 0.5937 0.5624 0.5311 0.4999 0.4686 0.4374 0.4062 0.3750
 0.5000 0.4999 0.4999 0.4999 0.4999 0.4999 0.4999 0.4999 0.5000
 0.3750 0.4062 0.4374 0.4686 0.4999 0.5311 0.5624 0.5937 0.6250
 0.2500 0.3125 0.3749 0.4374 0.4999 0.5624 0.6249 0.6875 0.7500
 0.1250 0.2187 0.3125 0.4062 0.4999 0.5937 0.6875 0.7812 0.8750
 0.0000 0.1250 0.2500 0.3750 0.5000 0.6250 0.7500 0.8750 1.0000


