Sequentiell -> Aufruf 1 1 100 1 2 1000

Berechnungszeit:    9.190577 s
Speicherbedarf:     5.005638 MiB
Berechnungsmethode: Gauss-Seidel
Interlines:         100
Stoerfunktion:      f(x,y) = 0
Terminierung:       Anzahl der Iterationen
Anzahl Iterationen: 1000
Norm des Fehlers:   3.306987e-04

test
 1.0000 0.8750 0.7500 0.6250 0.5000 0.3750 0.2500 0.1250 0.0000
 0.8750 0.0032 0.0014 0.0011 0.0009 0.0007 0.0005 0.0004 0.1250
 0.7500 0.0014 0.0000 0.0000 0.0000 0.0000 0.0000 0.0003 0.2500
 0.6250 0.0011 0.0000 0.0000 0.0000 0.0000 0.0000 0.0004 0.3750
 0.5000 0.0009 0.0000 0.0000 0.0000 0.0000 0.0000 0.0005 0.5000
 0.3750 0.0007 0.0000 0.0000 0.0000 0.0000 0.0000 0.0007 0.6250
 0.2500 0.0005 0.0000 0.0000 0.0000 0.0000 0.0000 0.0008 0.7500
 0.1250 0.0002 0.0000 0.0000 0.0000 0.0000 0.0000 0.0009 0.8750
 0.0000 0.0000 0.0000 0.0000 0.0000 0.0000 0.0000 0.0000 1.0000


Parallel -> Aufruf 1 1 100 1 2 1000
mit 4 Kernen

Berechnungszeit:    2.360778 s
Speicherbedarf:     1.262238 MiB
Berechnungsmethode: Gauss-Seidel
Interlines:         100
Stoerfunktion:      f(x,y) = 0
Terminierung:       Anzahl der Iterationen
Anzahl Iterationen: 1000
Norm des Fehlers:   3.454054e-04

test
 1.0000 0.8750 0.7500 0.6250 0.5000 0.3750 0.2500 0.1250 0.0000
 0.8750 0.0032 0.0014 0.0011 0.0009 0.0007 0.0005 0.0004 0.1250
 0.7500 0.0014 0.0000 0.0000 0.0000 0.0000 0.0000 0.0003 0.2500
 0.6250 0.0011 0.0000 0.0000 0.0000 0.0000 0.0000 0.0004 0.3750
 0.5000 0.0009 0.0000 0.0000 0.0000 0.0000 0.0000 0.0005 0.5000
 0.3750 0.0007 0.0000 0.0000 0.0000 0.0000 0.0000 0.0007 0.6250
 0.2500 0.0005 0.0000 0.0000 0.0000 0.0000 0.0000 0.0008 0.7500
 0.1250 0.0004 0.0003 0.0004 0.0005 0.0007 0.0008 0.0018 0.8750
 0.0000 0.1250 0.2500 0.3750 0.5000 0.6250 0.7500 0.8750 1.0000

Seriell -> Aufruf 1 1 100 1 2 10000


Berechnungszeit:    91.055969 s
Speicherbedarf:     5.005638 MiB
Berechnungsmethode: Gauss-Seidel
Interlines:         100
Stoerfunktion:      f(x,y) = 0
Terminierung:       Anzahl der Iterationen
Anzahl Iterationen: 10000
Norm des Fehlers:   2.876729e-05

test
 1.0000 0.8750 0.7500 0.6250 0.5000 0.3750 0.2500 0.1250 0.0000
 0.8750 0.4501 0.2601 0.1977 0.1570 0.1181 0.0838 0.0781 0.1250
 0.7500 0.2601 0.0647 0.0297 0.0223 0.0173 0.0217 0.0833 0.2500
 0.6250 0.1977 0.0297 0.0033 0.0014 0.0018 0.0165 0.1169 0.3750
 0.5000 0.1570 0.0223 0.0014 0.0001 0.0011 0.0211 0.1555 0.5000
 0.3750 0.1178 0.0167 0.0010 0.0001 0.0014 0.0264 0.1943 0.6250
 0.2500 0.0786 0.0112 0.0007 0.0000 0.0016 0.0308 0.2302 0.7500
 0.1250 0.0393 0.0056 0.0003 0.0000 0.0014 0.0271 0.2242 0.8750
 0.0000 0.0000 0.0000 0.0000 0.0000 0.0000 0.0000 0.0000 1.0000


Parallel -> Aufruf 1 1 100 1 2 10000
Mit 4 Kernen

Berechnungszeit:    22.963415 s
Speicherbedarf:     1.262238 MiB
Berechnungsmethode: Gauss-Seidel
Interlines:         100
Stoerfunktion:      f(x,y) = 0
Terminierung:       Anzahl der Iterationen
Anzahl Iterationen: 10000
Norm des Fehlers:   2.919216e-05

test
 1.0000 0.8750 0.7500 0.6250 0.5000 0.3750 0.2500 0.1250 0.0000
 0.8750 0.4501 0.2601 0.1977 0.1570 0.1181 0.0838 0.0781 0.1250
 0.7500 0.2601 0.0647 0.0297 0.0223 0.0173 0.0217 0.0833 0.2500
 0.6250 0.1977 0.0297 0.0033 0.0014 0.0018 0.0165 0.1169 0.3750
 0.5000 0.1570 0.0223 0.0014 0.0001 0.0012 0.0212 0.1555 0.5000
 0.3750 0.1181 0.0173 0.0018 0.0012 0.0028 0.0280 0.1957 0.6250
 0.2500 0.0838 0.0217 0.0165 0.0212 0.0280 0.0617 0.2574 0.7500
 0.1250 0.0781 0.0833 0.1169 0.1555 0.1957 0.2574 0.4484 0.8750
 0.0000 0.1250 0.2500 0.3750 0.5000 0.6250 0.7500 0.8750 1.0000

Parallel -> Aufruf 1 1 100 1 2 10000
mit 8 Kernen


Berechnungszeit:    11.666571 s
Speicherbedarf:     0.637306 MiB
Berechnungsmethode: Gauss-Seidel
Interlines:         100
Stoerfunktion:      f(x,y) = 0
Terminierung:       Anzahl der Iterationen
Anzahl Iterationen: 10000
Norm des Fehlers:   2.919216e-05

test
 1.0000 0.8750 0.7500 0.6250 0.5000 0.3750 0.2500 0.1250 0.0000
 0.8750 0.4501 0.2601 0.1977 0.1570 0.1181 0.0838 0.0781 0.1250
 0.7500 0.2601 0.0647 0.0297 0.0223 0.0173 0.0217 0.0833 0.2500
 0.6250 0.1977 0.0297 0.0033 0.0014 0.0018 0.0165 0.1169 0.3750
 0.5000 0.1570 0.0223 0.0014 0.0001 0.0012 0.0212 0.1555 0.5000
 0.3750 0.1181 0.0173 0.0018 0.0012 0.0028 0.0280 0.1957 0.6250
 0.2500 0.0838 0.0217 0.0165 0.0212 0.0280 0.0617 0.2574 0.7500
 0.1250 0.0781 0.0833 0.1169 0.1555 0.1957 0.2574 0.4484 0.8750
 0.0000 0.1250 0.2500 0.3750 0.5000 0.6250 0.7500 0.8750 1.0000


Sequentieller Aufruf 1 1 50 1 1 8.8e-05

Berechnungszeit:    10.616523 s
Speicherbedarf:     1.282494 MiB
Berechnungsmethode: Gauss-Seidel
Interlines:         50
Stoerfunktion:      f(x,y) = 0
Terminierung:       Hinreichende Genaugkeit
Anzahl Iterationen: 3163
Norm des Fehlers:   8.795660e-05

test
 1.0000 0.8750 0.7500 0.6250 0.5000 0.3750 0.2500 0.1250 0.0000
 0.8750 0.5060 0.3111 0.2328 0.1837 0.1384 0.1002 0.0911 0.1250
 0.7500 0.3111 0.1028 0.0500 0.0365 0.0286 0.0349 0.0995 0.2500
 0.6250 0.2328 0.0500 0.0090 0.0039 0.0049 0.0270 0.1366 0.3750
 0.5000 0.1837 0.0364 0.0039 0.0005 0.0031 0.0337 0.1810 0.5000
 0.3750 0.1377 0.0272 0.0027 0.0003 0.0036 0.0419 0.2261 0.6250
 0.2500 0.0919 0.0182 0.0018 0.0003 0.0042 0.0483 0.2659 0.7500
 0.1250 0.0460 0.0091 0.0009 0.0002 0.0034 0.0409 0.2520 0.8750
 0.0000 0.0000 0.0000 0.0000 0.0000 0.0000 0.0000 0.0000 1.0000


Parallel Aufruf 1 1 50 1 1 8.8e-05
8 Kerne

Berechnungszeit:    1.433367 s
Speicherbedarf:     0.166191 MiB
Berechnungsmethode: Gauss-Seidel
Interlines:         50
Stoerfunktion:      f(x,y) = 0
Terminierung:       Hinreichende Genaugkeit
Anzahl Iterationen: 3245
Norm des Fehlers:   8.796334e-05

test
 1.0000 0.8750 0.7500 0.6250 0.5000 0.3750 0.2500 0.1250 0.0000
 0.8750 0.5122 0.3171 0.2370 0.1868 0.1408 0.1021 0.0926 0.1250
 0.7500 0.3170 0.1076 0.0527 0.0383 0.0301 0.0367 0.1015 0.2500
 0.6250 0.2368 0.0527 0.0099 0.0044 0.0054 0.0285 0.1390 0.3750
 0.5000 0.1866 0.0382 0.0044 0.0007 0.0036 0.0356 0.1842 0.5000
 0.3750 0.1406 0.0301 0.0054 0.0036 0.0081 0.0486 0.2334 0.6250
 0.2500 0.1020 0.0366 0.0284 0.0356 0.0486 0.1013 0.3125 0.7500
 0.1250 0.0925 0.1013 0.1388 0.1840 0.2332 0.3123 0.5097 0.8750
 0.0000 0.1250 0.2500 0.3750 0.5000 0.6250 0.7500 0.8750 1.0000


Parallel Aufruf 1 1 50 1 1 8.8e-05
4 Kerne

Berechnungszeit:    2.733052 s
Speicherbedarf:     0.326111 MiB
Berechnungsmethode: Gauss-Seidel
Interlines:         50
Stoerfunktion:      f(x,y) = 0
Terminierung:       Hinreichende Genaugkeit
Anzahl Iterationen: 3241
Norm des Fehlers:   8.796334e-05

test
 1.0000 0.8750 0.7500 0.6250 0.5000 0.3750 0.2500 0.1250 0.0000
 0.8750 0.5119 0.3168 0.2368 0.1866 0.1407 0.1021 0.0926 0.1250
 0.7500 0.3168 0.1074 0.0526 0.0382 0.0301 0.0366 0.1014 0.2500
 0.6250 0.2367 0.0526 0.0099 0.0043 0.0054 0.0284 0.1389 0.3750
 0.5000 0.1865 0.0382 0.0043 0.0007 0.0036 0.0355 0.1841 0.5000
 0.3750 0.1406 0.0300 0.0054 0.0036 0.0080 0.0485 0.2333 0.6250
 0.2500 0.1020 0.0365 0.0284 0.0355 0.0485 0.1012 0.3123 0.7500
 0.1250 0.0925 0.1013 0.1388 0.1840 0.2332 0.3122 0.5096 0.8750
 0.0000 0.1250 0.2500 0.3750 0.5000 0.6250 0.7500 0.8750 1.0000


